14.220097	2.301135031601385E-4
13.984503	2.3129781213836772E-4
13.210266	2.3456147828363686E-4
11.951662	2.3533251434595148E-4
13.606095	2.3308442358830277E-4
11.968869	2.35346788204891E-4
14.5521	2.2894613674572604E-4
14.298903	2.293038556791458E-4
13.622509	2.3286813421890575E-4
13.135305	2.3450621043237578E-4
12.276068	2.3562205828456503E-4
12.626896	2.3636081385533002E-4
13.919274	2.3090398826939017E-4
14.194133	2.3030920553051242E-4
14.585721	2.287824677729618E-4
14.617329	2.2689748818042495E-4
12.774439	2.3601014266372113E-4
13.318483	2.3426387209517983E-4
14.746018	2.269742261812888E-4
13.330687	2.344034200497312E-4
14.034905	2.3072167749477431E-4
12.172062	2.3555951136196936E-4
13.173289	2.34776709542021E-4
12.160072	2.357111162774717E-4
13.116053	2.3472686314653958E-4
14.266502	2.2930627479667424E-4
11.796308	2.3528312076990995E-4
12.038888	2.3561787180850647E-4
12.316066	2.3614582576101333E-4
13.549287	2.3326460786173621E-4
12.755707	2.356998252185533E-4
13.588918	2.3308942259113046E-4
13.443694	2.335881973294344E-4
12.589095	2.3618657457756653E-4
12.659083	2.359057486831731E-4
12.403689	2.3599620143787062E-4
13.67108	2.328352408981377E-4
14.670507	2.2656145216359987E-4
14.246488	2.2965309104022624E-4
14.048909	2.3057129366623843E-4
13.364095	2.339446805251558E-4
12.481244	2.3604651851070072E-4
12.498696	2.3620677009354648E-4
13.344477	2.3391718002210523E-4
12.960303	2.35256887028267E-4
13.302496	2.3426387209517983E-4
14.164905	2.2991807873944318E-4
12.065676	2.357111162774717E-4
12.020064	2.3561787180850647E-4
12.051245	2.3560985411102386E-4
11.987877	2.3545631323703737E-4
13.804864	2.322043986161014E-4
12.640869	2.3580507313917978E-4
13.421086	2.3354452986240306E-4
11.869653	2.349485121626405E-4
13.8819	2.3202487614370988E-4
14.182296	2.3030920553051242E-4
12.352891	2.3614582576101333E-4
12.671653	2.360579230211349E-4
12.21087	2.3568729447671436E-4
12.717692	2.3602103299562817E-4
14.284533	2.293038556791458E-4
12.601665	2.3636081385533002E-4
14.651317	2.2687801133204087E-4
14.145288	2.3066024214997107E-4
13.460718	2.339134273464501E-4
12.572864	2.3588897542414292E-4
12.372478	2.3645563335881954E-4
12.614052	2.3636081385533002E-4
12.739872	2.3602103299562817E-4
12.924088	2.3534482534675252E-4
11.898484	2.3488947546033834E-4
13.402079	2.3426001470194902E-4
14.20771	2.301135031601385E-4
13.19071	2.34776709542021E-4
14.515306	2.294533901944895E-4
13.046461	2.3476661213353E-4
12.526093	2.3604190388970412E-4
13.86811	2.3202487614370988E-4
11.814858	2.3474105729336797E-4
13.777283	2.3250887991331948E-4
11.75808	2.3478548416692565E-4
12.512059	2.3620677009354648E-4
11.847442	2.346100478489576E-4
12.141675	2.357111162774717E-4
12.19827	2.3584870200022415E-4
11.828068	2.3483693882721122E-4
11.917064	2.3509119227647595E-4
13.568477	2.3313720425753362E-4
13.966106	2.3126861951092408E-4
12.909078	2.35239879386834E-4
13.265671	2.3413277613495935E-4
12.890284	2.3539510993525172E-4
14.005311	2.309416113902286E-4
12.127091	2.357111162774717E-4
14.630937	2.2687801133204087E-4
13.689691	2.33072804262808E-4
14.534893	2.293810049011063E-4
12.820478	2.3569027463661994E-4
12.544063	2.3604190388970412E-4
13.062082	2.3483608771016466E-4
13.010277	2.3489999151688075E-4
13.744486	2.3250887991331948E-4
13.760107	2.3250887991331948E-4
14.126128	2.3018968981024658E-4
13.282909	2.3435722248986923E-4
12.466478	2.3596867288894587E-4
12.556877	2.3588897542414292E-4
12.250074	2.3580383242645777E-4
14.496115	2.293198079400861E-4
14.021908	2.3100574825335766E-4
11.88448	2.3520708646983972E-4
12.8595	2.3532166852589096E-4
13.703298	2.3264269343946926E-4
13.248494	2.3415904979629234E-4
14.106877	2.3075028010725675E-4
14.088113	2.3058031326804915E-4
13.724899	2.3279733141424235E-4
13.816915	2.3249387957730664E-4
13.232081	2.3456147828363686E-4
14.71978	2.2663422882762417E-4
13.951279	2.3116720864850188E-4
14.566501	2.2922281890825036E-4
12.295289	2.3599977543962573E-4
14.068892	2.3071558293588166E-4
12.435663	2.3623855852893556E-4
12.945262	2.3555613403900707E-4
12.876097	2.352069815834849E-4
13.849682	2.3202487614370988E-4
13.025288	2.3498875111309305E-4
14.468504	2.293038556791458E-4
12.839089	2.3535854209196685E-4
13.494522	2.3341757231813633E-4
12.334494	2.3614582576101333E-4
13.156905	2.3523398531420566E-4
14.688111	2.2729053920480087E-4
12.998501	2.3499446841357126E-4
13.790128	2.330412086950443E-4
11.778857	2.3437534697019275E-4
14.232697	2.294279897377834E-4
13.09491	2.3497131969008823E-4
12.416869	2.3599620143787062E-4
12.448691	2.3623855852893556E-4
14.604302	2.273800690581329E-4
12.236894	2.3580383242645777E-4
14.736224	2.2699145379456872E-4
12.805681	2.356079438508638E-4
12.685291	2.360579230211349E-4
12.981659	2.3443313148856904E-4
13.530096	2.333689230827788E-4
13.383285	2.3446224163429954E-4
11.700478	2.3420238544890934E-4
13.076452	2.3483608771016466E-4
11.720065	2.3422643212968263E-4
13.638466	2.332609753044063E-4
12.390509	2.3641679799961746E-4
12.185272	2.3555951136196936E-4
13.934895	2.3155966701272866E-4
14.706112	2.2729053920480087E-4
14.753218	2.2690730368775774E-4
12.006457	2.3545631323703737E-4
12.789908	2.357419487411572E-4
11.931282	2.35328622310048E-4
13.830492	2.3253355704316446E-4
12.223684	2.3571972052407672E-4
12.700881	2.360734178645238E-4
12.262888	2.3562205828456503E-4
11.738889	2.3478548416692565E-4
13.900908	2.319743581211947E-4
14.481685	2.293038556791458E-4
13.477681	2.334078573551995E-4
13.651493	2.3302068503095534E-4
13.510692	2.3356439422401646E-4
